IRrecvDumpV2 ino test with mitsubishi remote airco

Timestamp : 000008.951
Library   : v2.7.10

Protocol  : MITSUBISHI_HEAVY_152
Code      : 0xAD513CE51A0CF308F700FFC03FC83700FF807F (152 Bits)
Mesg Desc.: Power: On, Mode: 4 (Heat), Temp: 25C, Fan: 0 (Auto), Swing(V): 6 (Off), Swing(H): 8 (Off), Silent: Off, Turbo: Off, Econo: Off, Night: Off, Filter: Off, 3D: Off, Clean: Off
uint16_t rawData[307] = {3198, 1566,  410, 382,  410, 1180,  410, 384,  410, 386,  410, 1178,  410, 382,  410, 1178,  412, 384,  410, 382,  410, 1180,  410, 1176,  410, 1178,  410, 384,  410, 1178,  410, 384,  410, 1178,  410, 1180,  410, 1176,  410, 386,  410, 382,  410, 384,  410, 384,  410, 1180,  410, 1178,  410, 382,  410, 1178,  410, 384,  410, 1178,  410, 1178,  410, 386,  410, 382,  410, 386,  410, 1178,  410, 384,  410, 1178,  410, 384,  410, 386,  410, 1178,  410, 1176,  410, 1178,  410, 1180,  410, 1176,  410, 384,  410, 382,  410, 1178,  410, 1178,  410, 1180,  410, 1182,  408, 380,  410, 384,  408, 1184,  406, 1182,  406, 384,  408, 386,  410, 384,  410, 384,  410, 1180,  410, 1178,  410, 1180,  436, 356,  414, 1178,  412, 1174,  436, 1152,  436, 1152,  436, 358,  436, 358,  436, 356,  436, 1154,  434, 360,  434, 360,  408, 384,  408, 386,  408, 1180,  408, 1182,  406, 1182,  406, 1182,  408, 1180,  408, 1182,  408, 1180,  408, 1180,  406, 386,  406, 388,  404, 390,  406, 388,  406, 390,  406, 388,  406, 388,  406, 390,  406, 1186,  402, 1206,  382, 1204,  382, 1206,  380, 1208,  380, 1210,  382, 390,  402, 394,  402, 392,  400, 416,  380, 414,  380, 414,  378, 416,  378, 416,  380, 1210,  380, 1210,  378, 1210,  378, 1212,  376, 1212,  376, 420,  374, 1212,  374, 1214,  372, 422,  348, 446,  350, 444,  346, 448,  370, 424,  370, 1220,  370, 422,  370, 426,  370, 1220,  348, 1238,  362, 1228,  368, 1242,  346, 1244,  346, 1240,  346, 1244,  346, 1242,  346, 1244,  346, 1244,  342, 452,  346, 448,  346, 448,  346, 450,  344, 450,  344, 448,  344, 450,  346, 448,  346, 1242,  344, 1246,  346, 1242,  344, 1244,  344, 1246,  328, 1260,  344, 1244,  344, 450,  346, 448,  346, 448,  346, 450,  338, 454,  346, 448,  344, 450,  326, 468,  344, 1244,  320};  // MITSUBISHI_HEAVY_152
uint8_t state[19] = {0xAD, 0x51, 0x3C, 0xE5, 0x1A, 0x0C, 0xF3, 0x08, 0xF7, 0x00, 0xFF, 0xC0, 0x3F, 0xC8, 0x37, 0x00, 0xFF, 0x80, 0x7F};


Timestamp : 000022.052
Library   : v2.7.10

Protocol  : MITSUBISHI_HEAVY_152
Code      : 0xAD513CE51A0CF309F600FFC03FC83700FF807F (152 Bits)
Mesg Desc.: Power: On, Mode: 4 (Heat), Temp: 26C, Fan: 0 (Auto), Swing(V): 6 (Off), Swing(H): 8 (Off), Silent: Off, Turbo: Off, Econo: Off, Night: Off, Filter: Off, 3D: Off, Clean: Off
uint16_t rawData[307] = {3174, 1572,  406, 388,  406, 1182,  406, 390,  406, 388,  404, 1184,  404, 388,  406, 1184,  406, 388,  406, 390,  406, 1182,  406, 1182,  406, 1184,  404, 388,  406, 1184,  404, 388,  406, 1182,  406, 1182,  406, 1180,  408, 388,  406, 386,  408, 386,  408, 386,  406, 1182,  408, 1182,  406, 388,  408, 1182,  410, 384,  410, 1178,  410, 1180,  410, 386,  410, 382,  410, 382,  412, 1178,  410, 384,  412, 1180,  410, 382,  410, 384,  410, 1178,  410, 1178,  410, 1178,  412, 1178,  410, 1178,  412, 382,  410, 384,  410, 1180,  410, 1178,  410, 1178,  410, 1180,  410, 382,  410, 384,  410, 1178,  410, 1178,  410, 384,  410, 382,  410, 384,  410, 384,  410, 386,  408, 1180,  408, 1204,  384, 384,  408, 1204,  384, 1204,  364, 1226,  386, 1200,  388, 1202,  390, 380,  412, 380,  416, 1176,  438, 354,  416, 378,  416, 376,  444, 352,  442, 1148,  440, 1150,  442, 1146,  440, 1150,  438, 1150,  438, 1152,  434, 1154,  434, 1156,  434, 358,  410, 386,  408, 384,  410, 384,  410, 384,  408, 384,  410, 386,  410, 384,  408, 1182,  408, 1182,  406, 1184,  406, 1184,  404, 1184,  404, 1184,  404, 388,  406, 388,  406, 390,  406, 386,  406, 390,  406, 388,  404, 390,  404, 390,  404, 1206,  382, 1206,  382, 1208,  382, 1206,  380, 1210,  380, 414,  378, 1210,  380, 1210,  378, 416,  378, 416,  376, 418,  376, 418,  376, 416,  378, 1212,  374, 418,  374, 422,  350, 1240,  348, 1242,  346, 1266,  324, 1266,  322, 1266,  322, 1266,  322, 1266,  322, 1268,  322, 1266,  322, 1268,  322, 446,  346, 448,  344, 448,  346, 448,  346, 450,  344, 448,  344, 450,  344, 448,  344, 1268,  320, 1266,  322, 1268,  322, 1266,  320, 1268,  322, 1268,  322, 1266,  322, 474,  320, 474,  320, 472,  320, 474,  320, 474,  320, 474,  322, 474,  320, 472,  320, 1268,  320};  // MITSUBISHI_HEAVY_152
uint8_t state[19] = {0xAD, 0x51, 0x3C, 0xE5, 0x1A, 0x0C, 0xF3, 0x09, 0xF6, 0x00, 0xFF, 0xC0, 0x3F, 0xC8, 0x37, 0x00, 0xFF, 0x80, 0x7F};


----------------
Test 3:

Protocol  : MITSUBISHI_HEAVY_152
Code      : 0xAD513CE51A04FB05FA00FFC03FC83700FF807F (152 Bits)
Mesg Desc.: Power: Off, Mode: 4 (Heat), Temp: 22C, Fan: 0 (Auto), Swing(V): 6 (Off), Swing(H): 8 (Off), Silent: Off, Turbo: Off, Econo: Off, Night: Off, Filter: Off, 3D: Off, Clean: Off
uint16_t rawData[307] = {3176, 1570,  406, 388,  408, 1182,  406, 386,  406, 386,  406, 1182,  408, 386,  406, 1182,  408, 386,  408, 386,  406, 1182,  406, 1182,  406, 1182,  406, 388,  408, 1182,  408, 386,  406, 1182,  408, 1180,  406, 1182,  406, 388,  406, 388,  408, 386,  408, 388,  406, 1182,  406, 1180,  408, 388,  408, 1180,  406, 388,  406, 1182,  406, 1182,  406, 388,  408, 386,  408, 386,  406, 1182,  406, 386,  406, 1182,  408, 386,  408, 386,  408, 1182,  406, 1182,  408, 1182,  406, 1182,  406, 1184,  406, 386,  406, 1184,  406, 1182,  406, 1202,  386, 1204,  384, 1204,  384, 388,  406, 388,  384, 1226,  362, 410,  386, 408,  386, 408,  388, 406,  410, 384,  414, 380,  414, 1194,  394, 378,  444, 1166,  422, 1168,  426, 1164,  428, 1162,  428, 1160,  452, 1138,  428, 348,  446, 1162,  424, 348,  446, 348,  440, 354,  442, 352,  440, 354,  440, 1168,  416, 1172,  414, 1174,  412, 1178,  386, 1202,  384, 1204,  384, 1206,  386, 1202,  386, 390,  406, 388,  406, 388,  406, 386,  406, 388,  406, 388,  404, 390,  404, 390,  404, 1204,  382, 1206,  384, 1206,  384, 1204,  384, 1204,  382, 1208,  384, 390,  400, 412,  382, 414,  380, 414,  378, 416,  380, 412,  380, 416,  378, 414,  378, 1210,  378, 1212,  376, 1212,  376, 1214,  376, 1212,  376, 418,  374, 1214,  370, 1220,  348, 444,  348, 446,  348, 448,  346, 448,  346, 448,  346, 1266,  322, 448,  346, 448,  346, 1268,  324, 1262,  322, 1266,  322, 1268,  322, 1266,  320, 1268,  322, 1270,  322, 1266,  322, 1266,  322, 1268,  322, 472,  322, 472,  322, 470,  322, 472,  320, 474,  320, 472,  320, 472,  322, 474,  320, 1266,  322, 1268,  322, 1268,  320, 1268,  320, 1268,  320, 1268,  322, 1268,  320, 474,  320, 474,  320, 474,  322, 470,  320, 474,  320, 472,  320, 474,  320, 474,  320, 1266,  322};  // MITSUBISHI_HEAVY_152
uint8_t state[19] = {0xAD, 0x51, 0x3C, 0xE5, 0x1A, 0x04, 0xFB, 0x05, 0xFA, 0x00, 0xFF, 0xC0, 0x3F, 0xC8, 0x37, 0x00, 0xFF, 0x80, 0x7F};


Timestamp : 000014.264
Library   : v2.7.10

Protocol  : MITSUBISHI_HEAVY_152
Code      : 0xAD513CE51A0CF305FA00FFC03FC83700FF807F (152 Bits)
Mesg Desc.: Power: On, Mode: 4 (Heat), Temp: 22C, Fan: 0 (Auto), Swing(V): 6 (Off), Swing(H): 8 (Off), Silent: Off, Turbo: Off, Econo: Off, Night: Off, Filter: Off, 3D: Off, Clean: Off
uint16_t rawData[307] = {3200, 1566,  410, 382,  410, 1178,  412, 384,  410, 384,  410, 1178,  410, 384,  410, 1180,  410, 384,  410, 384,  408, 1178,  410, 1178,  410, 1178,  410, 382,  410, 1180,  410, 382,  410, 1178,  410, 1182,  410, 1178,  410, 382,  410, 384,  410, 386,  410, 382,  410, 1178,  412, 1178,  410, 384,  410, 1178,  412, 382,  412, 1178,  410, 1180,  410, 384,  410, 386,  410, 382,  410, 1178,  410, 386,  410, 1178,  410, 384,  410, 384,  410, 1180,  410, 1178,  410, 1178,  410, 1178,  410, 1180,  410, 382,  410, 384,  410, 1180,  410, 1180,  410, 1178,  410, 1178,  410, 384,  410, 384,  410, 1178,  410, 1180,  410, 382,  410, 384,  410, 384,  408, 384,  410, 386,  408, 1182,  408, 384,  408, 1184,  408, 1180,  410, 1180,  408, 1180,  410, 1178,  412, 1176,  438, 354,  440, 1150,  440, 352,  442, 354,  442, 352,  440, 354,  440, 352,  440, 1148,  440, 1150,  438, 1150,  438, 1152,  436, 1152,  436, 1154,  434, 1156,  410, 1178,  422, 370,  410, 384,  410, 384,  432, 360,  408, 386,  408, 386,  408, 388,  404, 388,  406, 1186,  404, 1184,  404, 1184,  406, 1184,  404, 1186,  404, 1182,  404, 390,  406, 388,  406, 388,  404, 390,  404, 390,  402, 392,  402, 392,  406, 388,  402, 1208,  380, 1208,  382, 1208,  380, 1208,  380, 1210,  378, 416,  380, 1208,  380, 1212,  378, 414,  378, 416,  378, 416,  376, 418,  376, 416,  376, 1212,  376, 420,  374, 418,  350, 1240,  348, 1240,  348, 1242,  346, 1242,  346, 1244,  344, 1266,  322, 1266,  322, 1268,  322, 1266,  336, 1252,  324, 446,  346, 448,  346, 448,  350, 444,  346, 448,  346, 446,  346, 448,  370, 424,  370, 1244,  322, 1268,  346, 1242,  340, 1250,  322, 1266,  320, 1266,  322, 1268,  322, 472,  322, 470,  322, 472,  322, 474,  322, 470,  320, 472,  322, 474,  322, 472,  322, 1266,  322};  // MITSUBISHI_HEAVY_152
uint8_t state[19] = {0xAD, 0x51, 0x3C, 0xE5, 0x1A, 0x0C, 0xF3, 0x05, 0xFA, 0x00, 0xFF, 0xC0, 0x3F, 0xC8, 0x37, 0x00, 0xFF, 0x80, 0x7F};